0.850650808400000	0.525731112100000	0
-0.850650808400000	0.525731112100000	0
-0.850650808400000	-0.525731112100000	0
0.850650808400000	-0.525731112100000	0
0.525731112100000	0	0.850650808400000
0.525731112100000	0	-0.850650808400000
-0.525731112100000	0	-0.850650808400000
-0.525731112100000	0	0.850650808400000
0	0.850650808400000	0.525731112100000
0	-0.850650808400000	0.525731112100000
0	-0.850650808400000	-0.525731112100000
0	0.850650808400000	-0.525731112100000
0	0	1
-0.309016994356183	0.500000000016026	0.809016994372210
0.309016994356183	0.500000000016026	0.809016994372210
0.309016994356183	-0.500000000016026	0.809016994372210
-0.309016994356183	-0.500000000016026	0.809016994372210
0.309016994356183	0.500000000016026	-0.809016994372210
-0.309016994356183	0.500000000016026	-0.809016994372210
0	0	-1
-0.309016994356183	-0.500000000016026	-0.809016994372210
0.309016994356183	-0.500000000016026	-0.809016994372210
1	0	0
0.809016994372210	-0.309016994356183	0.500000000016026
0.809016994372210	0.309016994356183	0.500000000016026
0.809016994372210	0.309016994356183	-0.500000000016026
0.809016994372210	-0.309016994356183	-0.500000000016026
-1	0	0
-0.809016994372210	0.309016994356183	0.500000000016026
-0.809016994372210	-0.309016994356183	0.500000000016026
-0.809016994372210	-0.309016994356183	-0.500000000016026
-0.809016994372210	0.309016994356183	-0.500000000016026
0	1	0
0.500000000016026	0.809016994372210	-0.309016994356183
0.500000000016026	0.809016994372210	0.309016994356183
-0.500000000016026	0.809016994372210	0.309016994356183
-0.500000000016026	0.809016994372210	-0.309016994356183
0.500000000016026	-0.809016994372210	0.309016994356183
0.500000000016026	-0.809016994372210	-0.309016994356183
0	-1	0
-0.500000000016026	-0.809016994372210	-0.309016994356183
-0.500000000016026	-0.809016994372210	0.309016994356183
0.273266528896916	0	0.961938357788393
0.162459848106711	0.262865556068191	0.951056516294434
0.433888564526967	0.259891913012473	0.862668480427705
-0.162459848106711	0.262865556068191	0.951056516294434
0	0.525731112132615	0.850650808343708
-0.273266528896916	0	0.961938357788393
-0.433888564526967	0.259891913012473	0.862668480427705
-0.160622035628038	0.702046444799667	0.693780477539440
0.160622035628038	0.702046444799667	0.693780477539440
0.433888564526967	-0.259891913012473	0.862668480427705
0.162459848106711	-0.262865556068191	0.951056516294434
0	-0.525731112132615	0.850650808343708
-0.162459848106711	-0.262865556068191	0.951056516294434
0.160622035628038	-0.702046444799667	0.693780477539440
-0.160622035628038	-0.702046444799667	0.693780477539440
-0.433888564526967	-0.259891913012473	0.862668480427705
0.433888564526967	0.259891913012473	-0.862668480427705
0.162459848106711	0.262865556068191	-0.951056516294434
0.273266528896916	0	-0.961938357788393
0	0.525731112132615	-0.850650808343708
-0.162459848106711	0.262865556068191	-0.951056516294434
0.160622035628038	0.702046444799667	-0.693780477539440
-0.160622035628038	0.702046444799667	-0.693780477539440
-0.433888564526967	0.259891913012473	-0.862668480427705
-0.273266528896916	0	-0.961938357788393
0.162459848106711	-0.262865556068191	-0.951056516294434
0.433888564526967	-0.259891913012473	-0.862668480427705
-0.162459848106711	-0.262865556068191	-0.951056516294434
0	-0.525731112132615	-0.850650808343708
-0.433888564526967	-0.259891913012473	-0.862668480427705
-0.160622035628038	-0.702046444799667	-0.693780477539440
0.160622035628038	-0.702046444799667	-0.693780477539440
0.961938357788393	0.273266528896916	0
0.951056516294434	0.162459848106711	0.262865556068191
0.862668480427705	0.433888564526967	0.259891913012473
0.951056516294434	-0.162459848106711	0.262865556068191
0.850650808343708	0	0.525731112132615
0.961938357788393	-0.273266528896916	0
0.862668480427705	-0.433888564526967	0.259891913012473
0.693780477539440	-0.160622035628038	0.702046444799667
0.693780477539440	0.160622035628038	0.702046444799667
0.862668480427705	0.433888564526967	-0.259891913012473
0.951056516294434	0.162459848106711	-0.262865556068191
0.850650808343708	0	-0.525731112132615
0.951056516294434	-0.162459848106711	-0.262865556068191
0.693780477539440	0.160622035628038	-0.702046444799667
0.693780477539440	-0.160622035628038	-0.702046444799667
0.862668480427705	-0.433888564526967	-0.259891913012473
-0.961938357788393	-0.273266528896916	0
-0.951056516294434	-0.162459848106711	0.262865556068191
-0.862668480427705	-0.433888564526967	0.259891913012473
-0.951056516294434	0.162459848106711	0.262865556068191
-0.850650808343708	0	0.525731112132615
-0.961938357788393	0.273266528896916	0
-0.862668480427705	0.433888564526967	0.259891913012473
-0.693780477539440	0.160622035628038	0.702046444799667
-0.693780477539440	-0.160622035628038	0.702046444799667
-0.862668480427705	-0.433888564526967	-0.259891913012473
-0.951056516294434	-0.162459848106711	-0.262865556068191
-0.850650808343708	0	-0.525731112132615
-0.951056516294434	0.162459848106711	-0.262865556068191
-0.693780477539440	-0.160622035628038	-0.702046444799667
-0.693780477539440	0.160622035628038	-0.702046444799667
-0.862668480427705	0.433888564526967	-0.259891913012473
0	0.961938357788393	0.273266528896916
0.262865556068191	0.951056516294434	0.162459848106711
0.259891913012473	0.862668480427705	0.433888564526967
0.262865556068191	0.951056516294434	-0.162459848106711
0.525731112132615	0.850650808343708	0
0	0.961938357788393	-0.273266528896916
0.259891913012473	0.862668480427705	-0.433888564526967
0.702046444799667	0.693780477539440	-0.160622035628038
0.702046444799667	0.693780477539440	0.160622035628038
-0.259891913012473	0.862668480427705	0.433888564526967
-0.262865556068191	0.951056516294434	0.162459848106711
-0.525731112132615	0.850650808343708	0
-0.262865556068191	0.951056516294434	-0.162459848106711
-0.702046444799667	0.693780477539440	0.160622035628038
-0.702046444799667	0.693780477539440	-0.160622035628038
-0.259891913012473	0.862668480427705	-0.433888564526967
0.259891913012473	-0.862668480427705	0.433888564526967
0.262865556068191	-0.951056516294434	0.162459848106711
0	-0.961938357788393	0.273266528896916
0.525731112132615	-0.850650808343708	0
0.262865556068191	-0.951056516294434	-0.162459848106711
0.702046444799667	-0.693780477539440	0.160622035628038
0.702046444799667	-0.693780477539440	-0.160622035628038
0.259891913012473	-0.862668480427705	-0.433888564526967
0	-0.961938357788393	-0.273266528896916
-0.262865556068191	-0.951056516294434	0.162459848106711
-0.259891913012473	-0.862668480427705	0.433888564526967
-0.262865556068191	-0.951056516294434	-0.162459848106711
-0.525731112132615	-0.850650808343708	0
-0.259891913012473	-0.862668480427705	-0.433888564526967
-0.702046444799667	-0.693780477539440	-0.160622035628038
-0.702046444799667	-0.693780477539440	0.160622035628038
0.425325404175622	0.688190960244258	0.587785252282608
0.688190960244258	0.587785252282608	0.425325404175622
0.587785252282608	0.425325404175622	0.688190960244258
0.425325404175622	0.688190960244258	-0.587785252282608
0.587785252282608	0.425325404175622	-0.688190960244258
0.688190960244258	0.587785252282608	-0.425325404175622
0.587785252282608	-0.425325404175622	0.688190960244258
0.688190960244258	-0.587785252282608	0.425325404175622
0.425325404175622	-0.688190960244258	0.587785252282608
0.587785252282608	-0.425325404175622	-0.688190960244258
0.425325404175622	-0.688190960244258	-0.587785252282608
0.688190960244258	-0.587785252282608	-0.425325404175622
-0.587785252282608	0.425325404175622	0.688190960244258
-0.688190960244258	0.587785252282608	0.425325404175622
-0.425325404175622	0.688190960244258	0.587785252282608
-0.587785252282608	0.425325404175622	-0.688190960244258
-0.425325404175622	0.688190960244258	-0.587785252282608
-0.688190960244258	0.587785252282608	-0.425325404175622
-0.587785252282608	-0.425325404175622	0.688190960244258
-0.425325404175622	-0.688190960244258	0.587785252282608
-0.688190960244258	-0.587785252282608	0.425325404175622
-0.587785252282608	-0.425325404175622	-0.688190960244258
-0.688190960244258	-0.587785252282608	-0.425325404175622
-0.425325404175622	-0.688190960244258	-0.587785252282608
