9.523784927162216862e-02	0.000000000000000000e+00	9.954545454545454808e-01
-1.213566190133293088e-01	1.111726040045731972e-01	9.863636363636364424e-01
1.853301985059273640e-02	-2.111742022694607646e-01	9.772727272727272929e-01
1.522604931260213013e-01	1.985968508692156353e-01	9.681818181818182545e-01
-2.787706800030300691e-01	-4.931060808610818191e-02	9.590909090909091050e-01
2.634625063620734675e-01	-1.675932807167827276e-01	9.500000000000000666e-01
-8.791739729135383818e-02	3.270483357214073461e-01	9.409090909090909172e-01
-1.672748853996823271e-01	-3.220776129251781694e-01	9.318181818181818787e-01
3.620646563178888666e-01	1.322254317848812200e-01	9.227272727272727293e-01
-3.757764205396680324e-01	1.551150437827251427e-01	9.136363636363636909e-01
1.807182705785829180e-01	-3.861844473049674265e-01	9.045454545454545414e-01
1.332270978783702542e-01	4.247489816535178209e-01	8.954545454545455030e-01
-4.005839175215481496e-01	-2.321465682609175907e-01	8.863636363636363535e-01
4.687968040611297238e-01	-1.030636622944368502e-01	8.772727272727273151e-01
-2.854058166453499745e-01	4.059604049701315831e-01	8.681818181818181657e-01
-6.577473012294854371e-02	-5.075790527539612018e-01	8.590909090909091272e-01
4.028038529295767667e-01	3.394835136867292991e-01	8.500000000000000888e-01
-5.407142691139322777e-01	2.236023262473640916e-02	8.409090909090909394e-01
3.934344956713043406e-01	-3.915198717977934617e-01	8.318181818181817899e-01
-2.625689492887278709e-02	5.678295608538164174e-01	8.227272727272727515e-01
-3.724917155291443960e-01	-4.463695662013147936e-01	8.136363636363637131e-01
5.885872811017871520e-01	7.919358620149556660e-02	8.045454545454545636e-01
-4.974510332745780139e-01	3.461134721587085239e-01	7.954545454545455252e-01
1.355876658012735159e-01	-6.027007684477603267e-01	7.863636363636363757e-01
3.128082165647545487e-01	5.458920471005178632e-01	7.772727272727273373e-01
-6.099441643340777208e-01	-1.945888244727319027e-01	7.681818181818181879e-01
5.909580774723011132e-01	-2.730376208616293043e-01	7.590909090909091494e-01
-2.553554035983603421e-01	6.101586825188334284e-01	7.500000000000000000e-01
-2.273063547763411463e-01	-6.319695721208075101e-01	7.409090909090909616e-01
6.032565358409965883e-01	3.170547282811767009e-01	7.318181818181819231e-01
-6.683052063035184176e-01	1.761631076128312712e-01	7.227272727272727737e-01
3.788656721934656191e-01	-5.892231690363687324e-01	7.136363636363636243e-01
1.201993020753478469e-01	6.994053404571187738e-01	7.045454545454545858e-01
-5.681181665050344387e-01	-4.399826406729808737e-01	6.954545454545455474e-01
7.247754252528035845e-01	-6.004616246941679031e-02	6.863636363636363980e-01
-4.996204412914764248e-01	5.400750573172884428e-01	6.772727272727272485e-01
3.629428564014309730e-03	-7.439891700149527942e-01	6.681818181818182101e-01
5.053001608333855810e-01	5.570196774041951127e-01	6.590909090909091717e-01
-7.566913409234107268e-01	-7.012998339890434696e-02	6.500000000000000222e-01
6.114524021831608813e-01	-4.640705733555240409e-01	6.409090909090908728e-01
-1.387331511983266596e-01	7.626000904029248684e-01	6.318181818181818343e-01
-4.167313730641732383e-01	-6.622278357979991537e-01	6.227272727272727959e-01
7.615087446312324149e-01	2.086979757288141557e-01	6.136363636363637575e-01
-7.086979918056759420e-01	3.636921085190490954e-01	6.045454545454546080e-01
2.792715281635014812e-01	-7.532869956761123476e-01	5.954545454545454586e-01
3.054226304787759916e-01	7.502630890173380696e-01	5.863636363636364202e-01
-7.378814604988495063e-01	-3.496957943687513670e-01	5.772727272727273817e-01
7.863766471577331441e-01	-2.424483249943484575e-01	5.681818181818182323e-01
-4.192147101524673625e-01	7.153155822178653978e-01	5.590909090909090828e-01
-1.753448060541513975e-01	-8.165501815503024563e-01	5.500000000000000444e-01
6.856888604062363335e-01	4.870812479316954380e-01	5.409090909090910060e-01
-8.403574257132817582e-01	1.047321275261283713e-01	5.318181818181818565e-01
5.525644658393503716e-01	-6.491754072966572364e-01	5.227272727272727071e-01
3.126857614322570145e-02	8.574380223062122441e-01	5.136363636363636687e-01
-6.060218358965981933e-01	-6.149564364359781932e-01	5.045454545454546302e-01
8.675006330597930804e-01	4.435589058161406445e-02	4.954545454545454808e-01
-6.735789775618472586e-01	5.565444943666919553e-01	4.863636363636364424e-01
1.214264956020053021e-01	-8.703254276231787712e-01	4.772727272727272929e-01
5.011260687004009950e-01	7.277901128710445589e-01	4.681818181818182545e-01
-8.657659199673419792e-01	-1.992107151063531312e-01	4.590909090909091050e-01
7.769901944971016050e-01	-4.402115828273447939e-01	4.500000000000000666e-01
-2.769655038448170514e-01	8.537501292730242941e-01	4.409090909090909172e-01
-3.743038317785298275e-01	-8.206276252766231405e-01	4.318181818181818787e-01
8.342810502146378315e-01	3.539446032154223709e-01	4.227272727272727293e-01
-8.582041231065390408e-01	3.039582895079885883e-01	4.136363636363636909e-01
4.294058620139232785e-01	-8.074364252835580791e-01	4.045454545454546524e-01
2.297775383617862988e-01	8.892794753865269630e-01	3.954545454545455030e-01
-7.733678192986538358e-01	-5.026185000267224812e-01	3.863636363636364646e-01
9.134757371272315130e-01	-1.524052720087445967e-01	3.772727272727273151e-01
-5.728702455123054760e-01	7.322990035272486375e-01	3.681818181818182767e-01
-7.251992788438078874e-02	-9.304808321872668486e-01	3.590909090909091272e-01
6.845236638697547171e-01	6.394742790779994746e-01	3.500000000000000888e-01
-9.400515232228380258e-01	-9.171991166547507554e-03	3.409090909090909394e-01
7.017759185124333721e-01	-6.304024543185935414e-01	3.318181818181819009e-01
-9.194284334874397446e-02	9.420157222652735252e-01	3.227272727272727515e-01
-5.703594233536679603e-01	-7.591589817664216033e-01	3.136363636363637131e-01
9.362741203468771811e-01	1.750509573935081220e-01	3.045454545454545636e-01
-8.110517684679354744e-01	5.048778470435025811e-01	2.954545454545455252e-01
2.577478582340710367e-01	-9.228011212305412547e-01	2.863636363636363757e-01
4.344955083461163325e-01	8.569326040814374545e-01	2.772727272727273373e-01
-9.016450710146559633e-01	-3.392855409705378134e-01	2.681818181818181879e-01
8.963348950484032462e-01	-3.597994674051285258e-01	2.590909090909091494e-01
-4.189237247827559130e-01	8.729277821298516704e-01	2.500000000000001110e-01
-2.814203724776806470e-01	-9.288516479351689448e-01	2.409090909090909616e-01
8.368433569633413338e-01	4.959370186675299275e-01	2.318181818181819231e-01
-9.541394107248774015e-01	2.000263654747916064e-01	2.227272727272727737e-01
5.696219317402867466e-01	-7.936563229841335776e-01	2.136363636363637353e-01
1.163166399085309166e-01	9.719215998758246045e-01	2.045454545454545858e-01
-7.436990977424223770e-01	-6.393036623375967231e-01	1.954545454545455474e-01
9.819911825788251170e-01	-3.101471229534216029e-02	1.863636363636363980e-01
-7.043426022709367018e-01	6.873688084220103134e-01	1.772727272727273595e-01
5.513852926660394588e-02	-9.842126897288886456e-01	1.681818181818182101e-01
6.251234966826518802e-01	7.641404952885840762e-01	1.590909090909091717e-01
-9.785235414251493014e-01	-1.413919335633556096e-01	1.500000000000000222e-01
8.181461920775551233e-01	-5.574777452851099602e-01	1.409090909090909838e-01
-2.269912845498829324e-01	9.649346732709644936e-01	1.318181818181818343e-01
-4.849977683959930119e-01	-8.658609479470895653e-01	1.227272727272727959e-01
9.435304583038267578e-01	3.111865214183845429e-01	1.136363636363637575e-01
-9.068432136438672186e-01	4.082960124737292640e-01	1.045454545454546080e-01
3.932389122421248717e-01	-9.144679259824789463e-01	9.545454545454556960e-02
3.280253191980164740e-01	9.407128745154330618e-01	8.636363636363642016e-02
-8.779752862363914279e-01	-4.724281134500372681e-01	7.727272727272738173e-02
9.671548984187191556e-01	-2.448727059802678074e-01	6.818181818181823228e-02
-5.480590484833733900e-01	8.343497730797972967e-01	5.909090909090919386e-02
-1.595528231487790272e-01	-9.859223583149204773e-01	5.000000000000004441e-02
7.839548286504413044e-01	6.194685406997267885e-01	4.090909090909100598e-02
-9.968388013507014644e-01	7.280114990494399030e-02	3.181818181818185653e-02
6.860316379084712146e-01	-7.272166546930841635e-01	2.272727272727281811e-02
-1.463300642887611219e-02	9.997999423432817334e-01	1.363636363636366866e-02
-6.646201644139468900e-01	-7.471675688206450561e-01	4.545454545454630235e-03
9.947746659074649944e-01	1.019936415256676165e-01	-4.545454545454519213e-03
-8.023452751493086454e-01	5.967043732304608827e-01	-1.363636363636355764e-02
1.885252479832563166e-01	-9.818053279277066947e-01	-2.272727272727259606e-02
5.240572721797718270e-01	8.510884670710100464e-01	-3.181818181818163449e-02
-9.610073536284013951e-01	-2.734800039365372637e-01	-4.090909090909089496e-02
8.929801542183984919e-01	-4.473102325814661273e-01	-4.999999999999993339e-02
-3.561248882749972200e-01	9.325681360704592970e-01	-5.909090909090897181e-02
-3.671319949306772745e-01	-9.276666092770843308e-01	-6.818181818181801024e-02
8.967452454412967455e-01	4.357486550733843389e-01	-7.727272727272727071e-02
-9.548607265616222417e-01	2.842222988863831179e-01	-8.636363636363630913e-02
5.116686011527978861e-01	-8.538639659491464862e-01	-9.545454545454534756e-02
1.993052145823275556e-01	9.743447435965243431e-01	-1.045454545454543860e-01
-8.043141834202436335e-01	-5.832370626156492266e-01	-1.136363636363636465e-01
9.859722996785408311e-01	-1.131222382890979400e-01	-1.227272727272726849e-01
-6.498475787167314888e-01	7.485466527733259934e-01	-1.318181818181817233e-01
-2.642521767584084247e-02	-9.896698115886722880e-01	-1.409090909090907617e-01
6.870686803517539465e-01	7.109406645281303172e-01	-1.500000000000000222e-01
-9.854371530027331572e-01	-6.003082646854032006e-02	-1.590909090909090606e-01
7.660091374955280141e-01	-6.204392615771628927e-01	-1.681818181818180991e-01
-1.454949142033316323e-01	9.733476306573385362e-01	-1.772727272727271375e-01
-5.492637194984854032e-01	-8.146029471368313457e-01	-1.863636363636361759e-01
9.535472569052140246e-01	2.292272878819162918e-01	-1.954545454545454364e-01
-8.563334617632329948e-01	4.741878944989960654e-01	-2.045454545454544748e-01
3.105064931403943018e-01	-9.262533248792609308e-01	-2.136363636363635132e-01
3.958919396478501329e-01	8.908771711663365789e-01	-2.227272727272725517e-01
-8.917522990184916232e-01	-3.886362924042827127e-01	-2.318181818181818121e-01
9.179787696675202335e-01	-3.150837799015704377e-01	-2.409090909090908506e-01
-4.629523454273178351e-01	8.503970401308704741e-01	-2.499999999999998890e-01
-2.324922965396322150e-01	-9.374535897185386490e-01	-2.590909090909089274e-01
8.026033904192562130e-01	5.328285935309864385e-01	-2.681818181818181879e-01
-9.491893623238528699e-01	1.488603008259131999e-01	-2.772727272727272263e-01
5.976832869665742454e-01	-7.488461499196126248e-01	-2.863636363636362647e-01
6.493736289846262222e-02	9.531472868712586033e-01	-2.954545454545453032e-01
-6.896544815396676853e-01	-6.569845981512463240e-01	-3.045454545454545636e-01
9.493623994521990239e-01	1.852743671753035587e-02	-3.136363636363636020e-01
-7.102557674072849103e-01	6.256067872895125781e-01	-3.227272727272726405e-01
1.007927648182300739e-01	-9.379432353693761826e-01	-3.318181818181816789e-01
5.573251033105428576e-01	7.570797322313087552e-01	-3.409090909090907173e-01
-9.190707882095547898e-01	-1.811322341822896587e-01	-3.499999999999999778e-01
7.971031959971949243e-01	-4.854690658933087932e-01	-3.590909090909090162e-01
-2.588414754477360025e-01	8.929967745453337713e-01	-3.681818181818180546e-01
-4.107295047816718059e-01	-8.300400973194012044e-01	-3.772727272727270931e-01
8.600412199650135925e-01	3.332450156520857520e-01	-3.863636363636363535e-01
-8.556744470273570657e-01	3.338217236546562328e-01	-3.954545454545453920e-01
4.037028987108186584e-01	-8.205893886585996500e-01	-4.045454545454544304e-01
2.554785307240022840e-01	8.738625057849725986e-01	-4.136363636363634688e-01
-7.750880851579466935e-01	-4.696169855730832343e-01	-4.227272727272727293e-01
8.845342817875978536e-01	-1.764430848566702348e-01	-4.318181818181817677e-01
-5.304368748797627653e-01	7.240413629907549442e-01	-4.409090909090908061e-01
-9.746162450469285365e-02	-8.876943346382842881e-01	-4.499999999999998446e-01
6.680056809171588394e-01	5.856653886414029397e-01	-4.590909090909091050e-01
-8.834218784040285266e-01	1.927614798305368748e-02	-4.681818181818181435e-01
6.348635717331507777e-01	-6.075845530359372804e-01	-4.772727272727271819e-01
-5.738288573065433718e-02	8.718701839427492883e-01	-4.863636363636362203e-01
-5.434227443449870520e-01	-6.776551588507186974e-01	-4.954545454545452587e-01
8.532652878412663178e-01	1.318037664965671651e-01	-5.045454545454545192e-01
-7.137304679659036699e-01	4.762000682985938482e-01	-5.136363636363635576e-01
2.033005842544934050e-01	-8.279040226915733713e-01	-5.227272727272725961e-01
4.066248475171982957e-01	7.428496852454192778e-01	-5.318181818181816345e-01
-7.961513909495349095e-01	-2.712200546807368440e-01	-5.409090909090908950e-01
7.648455128418834015e-01	-3.354271030874463322e-01	-5.499999999999999334e-01
-3.349480537518808587e-01	7.584373122808028000e-01	-5.590909090909089718e-01
-2.633515418825548293e-01	-7.796251579289142919e-01	-5.681818181818180102e-01
7.152527821464949032e-01	3.939157980822884375e-01	-5.772727272727272707e-01
-7.871716488508708753e-01	1.911504151076178770e-01	-5.863636363636363091e-01
4.476056107755014279e-01	-6.671454875061444412e-01	-5.954545454545453476e-01
1.195763249635256875e-01	7.875444723294343641e-01	-6.045454545454543860e-01
-6.147149340710243992e-01	-4.955562158354961944e-01	-6.136363636363634244e-01
7.808795343966377089e-01	-4.937506012293323143e-02	-6.227272727272726849e-01
-5.373675078148550943e-01	5.586071487806243407e-01	-6.318181818181817233e-01
1.872145506136940404e-02	-7.673884572434407358e-01	-6.409090909090907617e-01
4.995090314999707792e-01	5.727047471865075456e-01	-6.499999999999998002e-01
-7.473572347142404260e-01	-8.400200755936024222e-02	-6.590909090909090606e-01
6.013021356937224837e-01	-4.381424419768165102e-01	-6.681818181818180991e-01
-1.457826420259235589e-01	7.211442811091991478e-01	-6.772727272727271375e-01
-3.752581228486747689e-01	-6.229657293252776062e-01	-6.863636363636361759e-01
6.891779218663759421e-01	2.034128000361705157e-01	-6.954545454545454364e-01
-6.375756490539092880e-01	3.116295785268547447e-01	-7.045454545454544748e-01
2.562809313521872689e-01	-6.519533915251330969e-01	-7.136363636363635132e-01
2.480470556484779543e-01	6.450875502133950334e-01	-7.227272727272725517e-01
-6.100294256394902526e-01	-3.038194342274441739e-01	-7.318181818181818121e-01
6.455333089412320646e-01	-1.853118076530697877e-01	-7.409090909090908506e-01
-3.455087466598966706e-01	5.640245615055317074e-01	-7.499999999999998890e-01
-1.242308809396096003e-01	-6.390208759942870298e-01	-7.590909090909089274e-01
5.146133018655556501e-01	3.808803535992726363e-01	-7.681818181818179658e-01
-6.257332299850902890e-01	6.561274518294968328e-02	-7.772727272727272263e-01
4.095183806108174118e-01	-4.625223533483029947e-01	-7.863636363636362647e-01
1.026422759402441896e-02	6.059263253462426890e-01	-7.954545454545453032e-01
-4.085272401118473784e-01	-4.310592832277775344e-01	-8.045454545454543416e-01
5.799258588945193083e-01	4.101055905555679032e-02	-8.136363636363636020e-01
-4.451888569188319211e-01	3.534497367180343130e-01	-8.227272727272726405e-01
8.740820244481091461e-02	-5.481225397135766064e-01	-8.318181818181816789e-01
2.981568087759924879e-01	4.516352712166786243e-01	-8.409090909090907173e-01
-5.109652692773311022e-01	-1.281190602226870978e-01	-8.499999999999999778e-01
4.501558280658743416e-01	-2.435621899550143576e-01	-8.590909090909090162e-01
-1.623121495520592483e-01	4.689510600119190520e-01	-8.681818181818180546e-01
-1.906325672212201006e-01	-4.405130943548878908e-01	-8.772727272727270931e-01
4.226092401255803765e-01	1.891056167666918530e-01	-8.863636363636363535e-01
-4.224315458031526194e-01	1.404020873603826214e-01	-8.954545454545453920e-01
2.075098188082549200e-01	-3.724744229599161738e-01	-9.045454545454544304e-01
9.400284447690916700e-02	3.955149305292692263e-01	-9.136363636363634688e-01
-3.190345288406018498e-01	-2.163130822968061528e-01	-9.227272727272725072e-01
3.590745277016830772e-01	-5.272911519143099607e-02	-9.318181818181817677e-01
-2.138306144685043209e-01	2.626148338549256223e-01	-9.409090909090908061e-01
-1.818379004337685942e-02	-3.117199861729411658e-01	-9.499999999999998446e-01
2.030619732946746803e-01	1.972573524633411957e-01	-9.590909090909088830e-01
-2.501406225683053819e-01	-7.323652318993225871e-03	-9.681818181818181435e-01
1.604355134489998114e-01	-1.385585167114660177e-01	-9.772727272727271819e-01
-1.918052384815905828e-02	1.634591213864024506e-01	-9.863636363636362203e-01
-5.570967008717173097e-02	-7.724429165098678496e-02	-9.954545454545454808e-01
