    0.8507    0.5257         0
   -0.8507    0.5257         0
   -0.8507   -0.5257         0
    0.8507   -0.5257         0
    0.5257         0    0.8507
    0.5257         0   -0.8507
   -0.5257         0   -0.8507
   -0.5257         0    0.8507
         0    0.8507    0.5257
         0   -0.8507    0.5257
         0   -0.8507   -0.5257
         0    0.8507   -0.5257
         0         0    1.0000
   -0.3090    0.5000    0.8090
    0.3090    0.5000    0.8090
    0.3090   -0.5000    0.8090
   -0.3090   -0.5000    0.8090
    0.3090    0.5000   -0.8090
   -0.3090    0.5000   -0.8090
         0         0   -1.0000
   -0.3090   -0.5000   -0.8090
    0.3090   -0.5000   -0.8090
    1.0000         0         0
    0.8090   -0.3090    0.5000
    0.8090    0.3090    0.5000
    0.8090    0.3090   -0.5000
    0.8090   -0.3090   -0.5000
   -1.0000         0         0
   -0.8090    0.3090    0.5000
   -0.8090   -0.3090    0.5000
   -0.8090   -0.3090   -0.5000
   -0.8090    0.3090   -0.5000
         0    1.0000         0
    0.5000    0.8090   -0.3090
    0.5000    0.8090    0.3090
   -0.5000    0.8090    0.3090
   -0.5000    0.8090   -0.3090
    0.5000   -0.8090    0.3090
    0.5000   -0.8090   -0.3090
         0   -1.0000         0
   -0.5000   -0.8090   -0.3090
   -0.5000   -0.8090    0.3090
