2.195121951219514145e-01	0.000000000000000000e+00	9.756097560975609539e-01
-2.768695021573200354e-01	2.536351438803538527e-01	9.268292682926828618e-01
4.183942902106847772e-02	-4.767387138287277892e-01	8.780487804878048808e-01
3.400264800229696460e-01	4.435043310204903055e-01	8.292682926829267887e-01
-6.156143199951001899e-01	-1.088935051029915474e-01	7.804878048780488076e-01
5.751196037655650350e-01	-3.658440152662359446e-01	7.317073170731707155e-01
-1.896375145582395727e-01	7.054421017615334355e-01	6.829268292682926234e-01
-3.563793254265486543e-01	-6.861867049259148255e-01	6.341463414634145312e-01
7.615728464629234473e-01	2.781251820691059140e-01	5.853658536585365502e-01
-7.800053403852454936e-01	3.219748656684132682e-01	5.365853658536585691e-01
3.699975020019174998e-01	-7.906631706764616352e-01	4.878048780487804770e-01
2.688991132681306517e-01	8.572927455977816802e-01	4.390243902439023849e-01
-7.966099250216096550e-01	-4.616517344993157357e-01	3.902439024390242928e-01
9.179727414293865628e-01	-2.018137320873029661e-01	3.414634146341463117e-01
-5.499442528795125407e-01	7.822391086282045602e-01	2.926829268292682196e-01
-1.246296378300609103e-01	-9.617583135134842864e-01	2.439024390243902385e-01
7.499516682699338688e-01	6.320600599717035584e-01	1.951219512195121464e-01
-9.883893836039944203e-01	4.087300410514669441e-02	1.463414634146340543e-01
7.054479786125940066e-01	-7.020149610296617659e-01	9.756097560975607319e-02
-4.613645610427266619e-02	9.977433995911256792e-01	4.878048780487798108e-02
-6.407091449636929115e-01	-7.677836880006592146e-01	0.000000000000000000e+00
9.898895677759154133e-01	1.331882412900225465e-01	-4.878048780487809211e-02
-8.169424728359353516e-01	5.684072942132072370e-01	-9.756097560975618421e-02
2.171184627031624848e-01	-9.651133349193133926e-01	-1.463414634146342763e-01
4.876245556168561368e-01	8.509698683923853091e-01	-1.951219512195123684e-01
-9.239212393229923048e-01	-2.947560750278434005e-01	-2.439024390243902385e-01
8.680385517333966128e-01	-4.010558278435067958e-01	-2.926829268292683306e-01
-3.628569066210243221e-01	8.670280282573396002e-01	-3.414634146341464227e-01
-3.116169114969131182e-01	-8.663743977509296146e-01	-3.902439024390245148e-01
7.953207074278620947e-01	4.179982740483680348e-01	-4.390243902439026069e-01
-8.441190682946175805e-01	2.225070774003406193e-01	-4.878048780487804770e-01
4.563837856956408645e-01	-7.097816462165043028e-01	-5.365853658536585691e-01
1.373249965922833937e-01	7.990548558650664157e-01	-5.853658536585366612e-01
-6.113201549226078280e-01	-4.734406887815675313e-01	-6.341463414634147533e-01
7.279926672395270471e-01	-6.031270439165545977e-02	-6.829268292682928454e-01
-4.628733556500449486e-01	5.003525344902826077e-01	-7.317073170731707155e-01
3.049757440622323946e-03	-6.251635669296462527e-01	-7.804878048780488076e-01
3.754834921703646411e-01	4.139157472944114957e-01	-8.292682926829268997e-01
-4.765289368480857823e-01	-4.416459475996082490e-02	-8.780487804878049918e-01
2.990945544776379972e-01	-2.270021033335880012e-01	-9.268292682926830839e-01
-3.928907922141671588e-02	2.159675254782322806e-01	-9.756097560975609539e-01
