5.553411794890944497e-02	0.000000000000000000e+00	9.984567901234567833e-01
-7.087118385896487571e-02	6.492380986341267368e-02	9.953703703703703498e-01
1.083957759268841005e-02	-1.235113958506167120e-01	9.922839506172839164e-01
8.919025743601374789e-02	1.163328969409454794e-01	9.891975308641974829e-01
-1.635480640923613338e-01	-2.892934971357990007e-02	9.861111111111111605e-01
1.548065783744736745e-01	-9.847527340631349879e-02	9.830246913580247270e-01
-5.173945960161504404e-02	1.924682107883248228e-01	9.799382716049382935e-01
-9.859582284476288427e-02	-1.898402571931774585e-01	9.768518518518518601e-01
2.137464427891901941e-01	7.805985808642069979e-02	9.737654320987654266e-01
-2.221936283452517480e-01	9.171829977921139299e-02	9.706790123456789932e-01
1.070281004842355693e-01	-2.287128340663934500e-01	9.675925925925925597e-01
7.902898732424699924e-02	2.519568647943388195e-01	9.645061728395061262e-01
-2.380070992309666622e-01	-1.379299789418841349e-01	9.614197530864196928e-01
2.789896566905937236e-01	-6.133509339592432136e-02	9.583333333333333703e-01
-1.701288206171655548e-01	2.419907405063766448e-01	9.552469135802469369e-01
-3.927266369014870140e-02	-3.030644351973658113e-01	9.521604938271605034e-01
2.409049710223658824e-01	2.030349646173092992e-01	9.490740740740740700e-01
-3.239257978379275205e-01	1.339534872027435888e-02	9.459876543209876365e-01
2.360915548694905164e-01	-2.349426303794908411e-01	9.429012345679012030e-01
-1.578288869441032971e-02	3.413195193349703449e-01	9.398148148148147696e-01
-2.242847308921595562e-01	-2.687680661345575595e-01	9.367283950617284471e-01
3.550085642885426607e-01	4.776590021725584528e-02	9.336419753086420137e-01
-3.005578803661011489e-01	2.091203447169304452e-01	9.305555555555555802e-01
8.206402295190080853e-02	-3.647828097248703161e-01	9.274691358024691468e-01
1.896577854494830573e-01	3.309781241827987053e-01	9.243827160493827133e-01
-3.704653809872521242e-01	-1.181885608707422403e-01	9.212962962962962798e-01
3.595708112408899093e-01	-1.661308349526709471e-01	9.182098765432098464e-01
-1.556496876072133162e-01	3.719169713528438503e-01	9.151234567901234129e-01
-1.388019343691848928e-01	-3.859047370635334540e-01	9.120370370370369795e-01
3.690388368659733298e-01	1.939564699197596498e-01	9.089506172839506570e-01
-4.095777851764575428e-01	1.079633897286990385e-01	9.058641975308642236e-01
2.326182558858764793e-01	-3.617748346405954551e-01	9.027777777777777901e-01
7.393720233497128036e-02	4.302194212335888057e-01	8.996913580246913567e-01
-3.501127101581913426e-01	-2.711469617249248065e-01	8.966049382716049232e-01
4.474932212920721963e-01	-3.707389866356745195e-02	8.935185185185184897e-01
-3.090599534534989590e-01	3.340847537070628648e-01	8.904320987654320563e-01
2.249397065281132698e-03	-4.610993235203905138e-01	8.873456790123457338e-01
3.137679000763841652e-01	3.458833145670982545e-01	8.842592592592593004e-01
-4.707767207621040284e-01	-4.363148066601001129e-02	8.811728395061728669e-01
3.811553487868836743e-01	-2.892833205291234777e-01	8.780864197530864335e-01
-8.665005458343330580e-02	4.763053306868274550e-01	8.750000000000000000e-01
-2.607955425631490742e-01	-4.144302034844971061e-01	8.719135802469135665e-01
4.775077942084841598e-01	1.308650895326232966e-01	8.688271604938271331e-01
-4.452815234143129852e-01	2.285111260475125305e-01	8.657407407407406996e-01
1.758224847352441444e-01	-4.742509634601220214e-01	8.626543209876542662e-01
1.926769212386038599e-01	4.733060607991546043e-01	8.595679012345678327e-01
-4.664470490955126558e-01	-2.210579613345219907e-01	8.564814814814815103e-01
4.981271795452775764e-01	-1.535779333623666087e-01	8.533950617283950768e-01
-2.661011307546911064e-01	4.540544037812883627e-01	8.503086419753086433e-01
-1.115348189617100111e-01	-5.193982001624746214e-01	8.472222222222222099e-01
4.370779249104233544e-01	3.104796845943169070e-01	8.441358024691357764e-01
-5.368055389198922445e-01	6.690104048425696281e-02	8.410493827160494540e-01
3.537236560317384981e-01	-4.155690650973338784e-01	8.379629629629630205e-01
2.005970726614788105e-02	5.500716005597121594e-01	8.348765432098765871e-01
-3.896254440877002789e-01	-3.953697052623027508e-01	8.317901234567901536e-01
5.589573889532943873e-01	2.857986707946084254e-02	8.287037037037037202e-01
-4.349653835599095464e-01	3.593900604448967973e-01	8.256172839506172867e-01
7.858585898952817617e-02	-5.632648046961047372e-01	8.225308641975308532e-01
3.250501058264839704e-01	4.720733324085649718e-01	8.194444444444444198e-01
-5.628386029772662891e-01	-1.295078473322113233e-01	8.163580246913579863e-01
5.062753759460070224e-01	-2.868353888763678361e-01	8.132716049382715529e-01
-1.808809085615167289e-01	5.575679892393460291e-01	8.101851851851851194e-01
-2.450163797493139506e-01	-5.371764668081820959e-01	8.070987654320987970e-01
5.473878342329485669e-01	2.322298579629551163e-01	8.040123456790123635e-01
-5.644084474304250643e-01	1.999018900582864577e-01	8.009259259259259300e-01
2.830735991620539904e-01	-5.322794941074852071e-01	7.978395061728394966e-01
1.518364065894824422e-01	5.876335909903976917e-01	7.947530864197530631e-01
-5.122712251829271146e-01	-3.329295432046721070e-01	7.916666666666667407e-01
6.065478884947311800e-01	-1.011971004540142965e-01	7.885802469135803072e-01
-3.813180579598067776e-01	4.874381870212073364e-01	7.854938271604938738e-01
-4.839053642740262506e-02	-6.208840510258637480e-01	7.824074074074074403e-01
4.579020313545646426e-01	4.277669083541374428e-01	7.793209876543210068e-01
-6.304141988788400930e-01	-6.150889946499446190e-03	7.762345679012345734e-01
4.718156480317723944e-01	-4.238300783184787424e-01	7.731481481481481399e-01
-6.197275735692167609e-02	6.349522122229280807e-01	7.700617283950617065e-01
-3.854340852616764956e-01	-5.130199234455143920e-01	7.669753086419752730e-01
6.343557210070257524e-01	1.186026334351615447e-01	7.638888888888888395e-01
-5.509556521280614128e-01	3.429686171430397224e-01	7.608024691358024061e-01
1.755542648073315781e-01	-6.285277150737322849e-01	7.577160493827160836e-01
2.967290311535963898e-01	5.852230379570646512e-01	7.546296296296296502e-01
-6.174177588336366984e-01	-2.323319064728547045e-01	7.515432098765432167e-01
6.154503876109821414e-01	-2.470490916955244698e-01	7.484567901234567833e-01
-2.884347531613477567e-01	6.010227983551782449e-01	7.453703703703703498e-01
-1.942982351856503420e-01	-6.412976941013738275e-01	7.422839506172840274e-01
5.793875523203340094e-01	3.433614343232590516e-01	7.391975308641975939e-01
-6.624599552485442855e-01	1.388785073035496143e-01	7.361111111111111605e-01
3.966145337516345792e-01	-5.526044819547214493e-01	7.330246913580247270e-01
8.122119825028818740e-02	6.786701972248249115e-01	7.299382716049382935e-01
-5.208133387339312081e-01	-4.477050945168583596e-01	7.268518518518518601e-01
6.897021758043552220e-01	-2.178320430115116002e-02	7.237654320987654266e-01
-4.961570699259453265e-01	4.842002923656255620e-01	7.206790123456789932e-01
3.895685359835049377e-02	-6.953727307091918108e-01	7.175925925925925597e-01
4.429966452201901106e-01	5.415116815895099078e-01	7.145061728395061262e-01
-6.955437714051642129e-01	-1.005027212464335851e-01	7.114197530864196928e-01
5.833316463910158678e-01	-3.974771430002430050e-01	7.083333333333333703e-01
-1.623447777529955227e-01	6.901238758526372363e-01	7.052469135802469369e-01
-3.479578949719041026e-01	-6.212052351961623309e-01	7.021604938271605034e-01
6.790694870301119401e-01	2.239644407983922836e-01	6.990740740740740700e-01
-6.547501275065588100e-01	2.947939204985653983e-01	6.959876543209876365e-01
2.848386728283838210e-01	-6.623856954944326025e-01	6.929012345679013141e-01
2.383763418931394984e-01	6.836170279386314386e-01	6.898148148148148806e-01
-6.401265997911926853e-01	-3.444445494643643135e-01	6.867283950617284471e-01
7.074930123822740224e-01	-1.791292467084974749e-01	6.836419753086420137e-01
-4.022638507764337845e-01	6.123952401521293165e-01	6.805555555555555802e-01
-1.175062454941102341e-01	-7.261045739457460124e-01	6.774691358024691468e-01
5.793431045828021375e-01	4.577876357725468859e-01	6.743827160493827133e-01
-7.392203413057770733e-01	5.398675373316703940e-02	6.712962962962962798e-01
5.105207605046042652e-01	-5.411692101218515960e-01	6.682098765432098464e-01
-1.092797088262105476e-02	7.466534448323034479e-01	6.651234567901234129e-01
-4.981187657118247292e-01	-5.599863005797097726e-01	6.620370370370369795e-01
7.482635088227590492e-01	7.671900250494105566e-02	6.589506172839506570e-01
-6.057298395892257714e-01	4.504814267296779473e-01	6.558641975308642236e-01
1.428540972764276162e-01	-7.439582513359490612e-01	6.527777777777777901e-01
3.985891547520093448e-01	6.473235860233358396e-01	6.496913580246913567e-01
-7.336946764334882909e-01	-2.087921827462245472e-01	6.466049382716049232e-01
6.843702826156388141e-01	-3.428136995458637148e-01	6.435185185185186008e-01
-2.739879484419572853e-01	7.174798470894295788e-01	6.404320987654321673e-01
-2.835637235515882093e-01	-7.165068737491988582e-01	6.373456790123457338e-01
6.953712305865731302e-01	3.378964985264135690e-01	6.342592592592593004e-01
-7.434078985383559823e-01	2.212815922314831096e-01	6.311728395061728669e-01
3.999780268378015924e-01	-6.674766118514480207e-01	6.280864197530864335e-01
1.564398565718962963e-01	7.647885794621703814e-01	6.250000000000000000e-01
-6.339535738570412082e-01	-4.597024743226326704e-01	6.219135802469135665e-01
7.804075789480017233e-01	-8.953745671877039181e-02	6.188271604938271331e-01
-5.165541289175129558e-01	5.950085479136525413e-01	6.157407407407406996e-01
-2.109567817954558985e-02	-7.900693990639691133e-01	6.126543209876542662e-01
5.508954403407587685e-01	5.700361283254296030e-01	6.095679012345679437e-01
-7.936264024559316343e-01	-4.834610578819108218e-02	6.064814814814815103e-01
6.196748268569356455e-01	-5.019138456364927725e-01	6.033950617283950768e-01
-1.182348700742272135e-01	7.909804358315642991e-01	6.003086419753086433e-01
-4.484068598050944265e-01	-6.650239885625818248e-01	5.972222222222222099e-01
7.820840406251206023e-01	1.880085147642005239e-01	5.941358024691358874e-01
-7.056687702609670820e-01	3.907585109365520615e-01	5.910493827160494540e-01
2.571005449077244931e-01	-7.669412389433524213e-01	5.879629629629630205e-01
3.293908274274993664e-01	7.412294597555419973e-01	5.848765432098765871e-01
-7.456078864666364492e-01	-3.249448136020764988e-01	5.817901234567901536e-01
7.713649365188104401e-01	-2.647605673602988485e-01	5.787037037037037202e-01
-3.909802883463864287e-01	7.181915876295760226e-01	5.756172839506172867e-01
-1.973556354915792510e-01	-7.957758243883408245e-01	5.725308641975308532e-01
6.848511721014449716e-01	4.546558003178172158e-01	5.694444444444444198e-01
-8.142073083461774941e-01	1.276912170173646333e-01	5.663580246913579863e-01
5.154347362581543912e-01	-6.457957352977415910e-01	5.632716049382715529e-01
5.630565975626284497e-02	8.264515902207774101e-01	5.601851851851852304e-01
-6.012832493482935803e-01	-5.727996330368841926e-01	5.570987654320987970e-01
8.323499611354402417e-01	1.624386139652689645e-02	5.540123456790123635e-01
-6.262566356710674853e-01	5.516187545947082160e-01	5.509259259259259300e-01
8.938586196059083999e-02	-8.317944717043156411e-01	5.478395061728394966e-01
4.971521452573545719e-01	6.753397806305825313e-01	5.447530864197531741e-01
-8.247291843202824158e-01	-1.625392098929481777e-01	5.416666666666667407e-01
7.196150676264259083e-01	-4.382755663729400175e-01	5.385802469135803072e-01
-2.351178934064138693e-01	8.111509953597648703e-01	5.354938271604938738e-01
-3.754204424254059536e-01	-7.586842847633231690e-01	5.324074074074074403e-01
7.911100187194405331e-01	3.065358548528713256e-01	5.293209876543210068e-01
-7.921885539189171821e-01	3.090541612495385504e-01	5.262345679012345734e-01
3.762118502764044692e-01	-7.647095257682929859e-01	5.231481481481481399e-01
2.396764397507242239e-01	8.198115654753588277e-01	5.200617283950617065e-01
-7.321054405150871913e-01	-4.435742939156241960e-01	5.169753086419752730e-01
8.412824740561880565e-01	-1.678154007308105822e-01	5.138888888888888395e-01
-5.080660469502380483e-01	6.935053925249076157e-01	5.108024691358025171e-01
-9.402339261575251572e-02	-8.563784296911216565e-01	5.077160493827160836e-01
6.491673338376257041e-01	5.691491101442673894e-01	5.046296296296296502e-01
-8.649267218208215313e-01	1.887258612435065847e-02	5.015432098765432167e-01
6.263091807347229700e-01	-5.993977298148703836e-01	4.984567901234567833e-01
-5.704961612018587258e-02	8.668065167381135971e-01	4.953703703703703498e-01
-5.445493374394382302e-01	-6.790600349445610195e-01	4.922839506172839164e-01
8.619501724150441246e-01	1.331453193696576776e-01	4.891975308641975939e-01
-7.269476988541611062e-01	4.850185880819011253e-01	4.861111111111111605e-01
2.088109869028205723e-01	-8.503441181587340081e-01	4.830246913580247270e-01
4.212425951041529615e-01	7.695543720353897887e-01	4.799382716049382935e-01
-8.320292901440921041e-01	-2.834423605034676608e-01	4.768518518518518601e-01
8.065020703232049781e-01	-3.536958098601877820e-01	4.737654320987654266e-01
-3.564394105218854358e-01	8.071011175584549280e-01	4.706790123456789932e-01
-2.828863526551960716e-01	-8.374559563547074870e-01	4.675925925925926707e-01
7.757090578305561035e-01	4.272112744224170755e-01	4.645061728395062373e-01
-8.621273290281840085e-01	2.093520480062153744e-01	4.614197530864198038e-01
4.951811427044785496e-01	-7.380556831740017198e-01	4.583333333333333703e-01
1.336561960929490145e-01	8.802762458010681135e-01	4.552469135802469369e-01
-6.943953244211156228e-01	-5.597910514147862449e-01	4.521604938271605034e-01
8.917137547363506167e-01	-5.638311456910353320e-02	4.490740740740740700e-01
-6.205065411383493545e-01	6.450322818260998403e-01	4.459876543209876365e-01
2.186651309312438382e-02	-8.963037163949378883e-01	4.429012345679012030e-01
5.903186161457184555e-01	6.768211433615338724e-01	4.398148148148148806e-01
-8.939641990314007858e-01	-1.004804448485019375e-01	4.367283950617284471e-01
7.282606564338403032e-01	-5.306515368308766245e-01	4.336419753086420137e-01
-1.788398036451593343e-01	8.846684340544810343e-01	4.305555555555555802e-01
-4.664704075540488382e-01	-7.743871750052745417e-01	4.274691358024691468e-01
8.684453223326312754e-01	2.563240769750692039e-01	4.243827160493827133e-01
-8.148028387700184672e-01	3.982533925270976827e-01	4.212962962962962798e-01
3.323161513373788511e-01	-8.453794856288063819e-01	4.182098765432099574e-01
3.265137701045550678e-01	8.491532685886148402e-01	4.151234567901235240e-01
-8.156108612069755681e-01	-4.062073401490365332e-01	4.120370370370370905e-01
8.771306605718161009e-01	-2.517959429933799842e-01	4.089506172839506570e-01
-4.774023635865092818e-01	7.793338414342354525e-01	4.058641975308642236e-01
-1.746711769778600543e-01	-8.984765114690334009e-01	4.027777777777777901e-01
7.367959639753565160e-01	5.453242391366838193e-01	3.996913580246913567e-01
-9.129839516904564301e-01	9.573310239543410260e-02	3.966049382716049232e-01
6.094190422706441401e-01	-6.882961619106424678e-01	3.935185185185184897e-01
1.559301464795346745e-02	9.204996654794658228e-01	3.904320987654321673e-01
-6.341825867699547592e-01	-6.691604976298537455e-01	3.873456790123457338e-01
9.209253811156953295e-01	6.512498821832292395e-02	3.842592592592593004e-01
-7.240543624169631931e-01	5.748500210383282738e-01	3.811728395061728669e-01
1.457889913904157342e-01	-9.142189175398079959e-01	3.780864197530864335e-01
5.107369001189847602e-01	7.736425653083277565e-01	3.750000000000000000e-01
-9.003947774213744148e-01	-2.257643320372730300e-01	3.719135802469135665e-01
8.175070661354597590e-01	-4.423219670111960822e-01	3.688271604938272441e-01
-3.044187095620795591e-01	8.795242804101387479e-01	3.657407407407408106e-01
-3.701205860451597940e-01	-8.552734038040530340e-01	3.626543209876543772e-01
8.517352340882117234e-01	3.811272955515876970e-01	3.595679012345679437e-01
-8.866139024134737090e-01	2.946807448882934888e-01	3.564814814814815103e-01
4.552778015213220786e-01	-8.172111439449999404e-01	3.533950617283950768e-01
2.165787766730387365e-01	9.112505082864015282e-01	3.503086419753086433e-01
-7.761899674965178075e-01	-5.262754628070895890e-01	3.472222222222222099e-01
9.289572335952203108e-01	-1.364148364733081265e-01	3.441358024691357764e-01
-5.935478975492112230e-01	7.289624214346804854e-01	3.410493827160494540e-01
-5.480816845513690472e-02	-9.395621854544211615e-01	3.379629629629630205e-01
6.758698543890828692e-01	6.565498006517734852e-01	3.348765432098765871e-01
-9.429491627106361129e-01	-2.760779817077775936e-02	3.317901234567901536e-01
7.147674338676278660e-01	-6.173017014829569327e-01	3.287037037037037202e-01
-1.101904847763836709e-01	9.390588061763589511e-01	3.256172839506172867e-01
-5.536925403366402820e-01	-7.677228747507476303e-01	3.225308641975308532e-01
9.278892916910990163e-01	1.922932897388014151e-01	3.194444444444445308e-01
-8.149779891181195834e-01	4.855187714871261884e-01	3.163580246913580973e-01
2.732707640413151173e-01	-9.094965591247035075e-01	3.132716049382716639e-01
4.132949493235660854e-01	8.561380938582650035e-01	3.101851851851852304e-01
-8.839940742312292210e-01	-3.524837939454134594e-01	3.070987654320987970e-01
8.908552793949323645e-01	-3.375697925598820648e-01	3.040123456790123635e-01
-4.293047484817231196e-01	8.515521240867575115e-01	3.009259259259259300e-01
-2.589219059525978417e-01	-9.188313638424588925e-01	2.978395061728394966e-01
8.123966506694321188e-01	5.031225497104241384e-01	2.947530864197530631e-01
-9.398204538514710604e-01	1.779552474021779407e-01	2.916666666666667407e-01
5.733476242506793108e-01	-7.668076309332079177e-01	2.885802469135803072e-01
9.529437672936512393e-02	9.536310903158599084e-01	2.854938271604938738e-01
-7.151170154570926085e-01	-6.394166954695248428e-01	2.824074074074074403e-01
9.601279604684859192e-01	-1.157952427521359746e-02	2.793209876543210068e-01
-7.007973769473122561e-01	6.577062413875854885e-01	2.762345679012345734e-01
7.253848097700545117e-02	-9.592331614059148581e-01	2.731481481481481399e-01
5.950033389060869204e-01	7.569925293864399052e-01	2.700617283950618175e-01
-9.509270037240765694e-01	-1.564033828402444370e-01	2.669753086419753840e-01
8.075443449973360721e-01	-5.274796538102783927e-01	2.638888888888889506e-01
-2.393587271117622595e-01	9.352483476853117317e-01	2.608024691358025171e-01
-4.556462119798269650e-01	-8.520381255548370447e-01	2.577160493827160836e-01
9.122944681441977899e-01	3.207531061551437412e-01	2.546296296296296502e-01
-8.901057227624135093e-01	3.800497544672362116e-01	2.515432098765432167e-01
3.999453763192780675e-01	-8.822204483021119925e-01	2.484567901234567833e-01
3.012684746952861703e-01	9.214286122641748289e-01	2.453703703703703498e-01
-8.452381062077907181e-01	-4.763098057856346434e-01	2.422839506172840274e-01
9.457405755863058650e-01	-2.199074917281219899e-01	2.391975308641975939e-01
-5.492411109312290707e-01	8.016144617413697437e-01	2.361111111111111605e-01
-1.365940957935611322e-01	-9.628299674458813406e-01	2.330246913580247270e-01
7.516697555811328035e-01	6.181593401348343120e-01	2.299382716049382935e-01
-9.725415492101384674e-01	5.197280415110410584e-02	2.268518518518518601e-01
6.825145651316657514e-01	-6.957750353244833708e-01	2.237654320987654266e-01
-3.329973299256056007e-02	9.747778727960333400e-01	2.206790123456791042e-01
-6.343493274872388232e-01	-7.417913415276035094e-01	2.175925925925926707e-01
9.695002029395283216e-01	1.185599355345703515e-01	2.145061728395062373e-01
-7.955129019059246076e-01	5.678564175089440003e-01	2.114197530864198038e-01
2.031425635571632304e-01	-9.567289695068535993e-01	2.083333333333333703e-01
4.968012631184228201e-01	8.432450470828288802e-01	2.052469135802469369e-01
-9.365437453352615238e-01	-2.863860118947139100e-01	2.021604938271605034e-01
8.845997034755829214e-01	-4.217260694366201657e-01	1.990740740740740700e-01
-3.676375863810973366e-01	9.090827489473322087e-01	1.959876543209876365e-01
-3.432060569879173961e-01	-9.192381172193556660e-01	1.929012345679013141e-01
8.745418753490760144e-01	4.462587190607469334e-01	1.898148148148148806e-01
-9.468736585840782372e-01	2.618449563334634966e-01	1.867283950617284471e-01
5.216300800848742147e-01	-8.331732619661939010e-01	1.836419753086420137e-01
1.782702653095629142e-01	9.672742133772008755e-01	1.805555555555555802e-01
-7.852834005633700931e-01	-5.931565447983816464e-01	1.774691358024691468e-01
9.802641413465282838e-01	-9.312830683199382897e-02	1.743827160493827133e-01
-6.602719756468971024e-01	7.312308096972629512e-01	1.712962962962963909e-01
-7.079126896862116512e-03	-9.857257850922315212e-01	1.682098765432099574e-01
6.714232858444819652e-01	7.224437799880896183e-01	1.651234567901235240e-01
-9.836005166301554636e-01	-7.920872624369737491e-02	1.620370370370370905e-01
7.791772066653555040e-01	-6.063147547917869806e-01	1.589506172839506570e-01
-1.650634997382411095e-01	9.738893124899890008e-01	1.558641975308642236e-01
-5.364017481486892391e-01	-8.300193462807442524e-01	1.527777777777777901e-01
9.566528520511623501e-01	2.498155679598464685e-01	1.496913580246913567e-01
-8.745628024708317350e-01	4.622195329156308929e-01	1.466049382716049232e-01
3.328027555067314402e-01	-9.320111376852618923e-01	1.435185185185186008e-01
3.843379248886862332e-01	9.124490041249398997e-01	1.404320987654321673e-01
-9.001426391546675232e-01	-4.133756084148019205e-01	1.373456790123457338e-01
9.433711313682426880e-01	-3.033568192807878927e-01	1.342592592592593004e-01
-4.909025709931943982e-01	8.612829685812668501e-01	1.311728395061728669e-01
-2.199014742685251322e-01	-9.670766312394097897e-01	1.280864197530864335e-01
8.157230961149107840e-01	5.647750264173374557e-01	1.250000000000000000e-01
-9.833693022984650867e-01	1.346175852123692729e-01	1.219135802469136776e-01
6.344121602801447990e-01	-7.638071201669006660e-01	1.188271604938272441e-01
4.816618903384500827e-02	9.921109308775608593e-01	1.157407407407408106e-01
-7.059296097008992410e-01	-6.992656076987817659e-01	1.126543209876543772e-01
9.932224653093900679e-01	3.878156035784701555e-02	1.095679012345679437e-01
-7.588238462986890420e-01	6.425325395573150411e-01	1.064814814814815103e-01
1.255497036129346600e-01	-9.866847182017595141e-01	1.033950617283950768e-01
5.741018431064975891e-01	8.126162994222991820e-01	1.003086419753086433e-01
-9.725385906457553187e-01	-2.114628317481367925e-01	9.722222222222220989e-02
8.602171162327721943e-01	-5.011636096462562806e-01	9.413580246913588745e-02
-2.958514431074485418e-01	9.508848161151099987e-01	9.104938271604945399e-02
-4.242799568595871929e-01	-9.012485979761650778e-01	8.796296296296302053e-02
9.218832257053993784e-01	3.780572583296736289e-01	8.487654320987658707e-02
-9.353842425111492664e-01	3.440446113031946918e-01	8.179012345679015361e-02
4.574384504862365475e-01	-8.857515402414327665e-01	7.870370370370372015e-02
2.610782322851045167e-01	9.623513822896586634e-01	7.561728395061728669e-02
-8.427636986179757317e-01	-5.333747482122761507e-01	7.253086419753096425e-02
9.819333942497512346e-01	-1.760235165907243216e-01	6.944444444444453080e-02
-6.052723706571948581e-01	7.932477355013881626e-01	6.635802469135809734e-02
-8.954012331382804613e-02	-9.939714635367956630e-01	6.327160493827166388e-02
7.375832251770846337e-01	6.725687544196465861e-01	6.018518518518523042e-02
-9.983658865726594556e-01	2.299459527327614959e-03	5.709876543209879696e-02
7.347370342955541478e-01	-6.761983118500256573e-01	5.401234567901236350e-02
-8.502063132382842170e-02	9.950769027155060842e-01	5.092592592592593004e-02
-6.095663500638833776e-01	-7.912902416426820240e-01	4.783950617283949658e-02
9.841250475647076446e-01	1.717412356182055899e-01	4.475308641975317414e-02
-8.417851864354837232e-01	5.382021820716323957e-01	4.166666666666674068e-02
2.571877471924534642e-01	-9.655910248351305958e-01	3.858024691358030722e-02
4.626580819401514555e-01	8.858259916309529913e-01	3.549382716049387376e-02
-9.396150976210727590e-01	-3.406952131563816821e-01	3.240740740740744030e-02
9.230672512692753573e-01	-3.835193988798474840e-01	2.932098765432100684e-02
-4.216136048728426622e-01	9.063960037605869324e-01	2.623456790123457338e-02
-3.013999347351623559e-01	-9.532167867693849272e-01	2.314814814814825095e-02
8.661894038640577387e-01	4.993129716795180473e-01	2.006172839506181749e-02
-9.760379791242960179e-01	2.169370927330548093e-01	1.697530864197538403e-02
5.731884358677094005e-01	-8.193058743552135148e-01	1.388888888888895057e-02
1.307868364464946920e-01	9.913516581278754014e-01	1.080246913580251711e-02
-7.661084615573651169e-01	-6.426649887088378144e-01	7.716049382716083649e-03
9.990375333455597806e-01	-4.361849947341119721e-02	4.629629629629650189e-03
-7.072020489221879647e-01	7.070098164124287710e-01	1.543209876543216730e-03
4.389051245422746772e-02	-9.990351552471925523e-01	-1.543209876543216730e-03
6.424689328162149771e-01	7.662977468944341952e-01	-4.629629629629650189e-03
-9.913443987204175745e-01	-1.310600843414093108e-01	-7.716049382716083649e-03
8.194929001770419053e-01	-5.729875157627701832e-01	-1.080246913580251711e-02
-2.172127766625243372e-01	9.760254650468851434e-01	-1.388888888888895057e-02
-4.991060084870498903e-01	-8.663746482836593987e-01	-1.697530864197516198e-02
9.531984023193684763e-01	3.016791886584260229e-01	-2.006172839506159544e-02
-9.065797175657444029e-01	4.213993105544033835e-01	-2.314814814814802890e-02
3.838032570751436778e-01	-9.230421481739318201e-01	-2.623456790123446236e-02
3.404722213448390655e-01	9.397972899383599810e-01	-2.932098765432089582e-02
-8.857931025758012389e-01	-4.629474477457097281e-01	-3.240740740740732928e-02
9.657714524352414287e-01	-2.569546455984503264e-01	-3.549382716049376274e-02
-5.384977982881714587e-01	8.417432421985217017e-01	-3.858024691358019620e-02
-1.714965996114398983e-01	-9.843032079652094257e-01	-4.166666666666662966e-02
7.912377916441628578e-01	6.098687714008436123e-01	-4.475308641975306312e-02
-9.952520311965966648e-01	8.476305827533317516e-02	-4.783950617283949658e-02
6.765078797789140230e-01	-7.346724703332944140e-01	-5.092592592592593004e-02
-2.571315564599709665e-03	9.985369571781097520e-01	-5.401234567901236350e-02
-6.724903373241200022e-01	-7.379000455290821714e-01	-5.709876543209879696e-02
9.941371940889424108e-01	8.982751701560788560e-02	-6.018518518518523042e-02
-7.935716591188006763e-01	6.051782595665259334e-01	-6.327160493827144183e-02
1.763275772944463138e-01	-9.820922553632791541e-01	-6.635802469135787529e-02
5.332630321363110992e-01	8.430943053375404839e-01	-6.944444444444430875e-02
-9.625016103247865384e-01	-2.613999308740384553e-01	-7.253086419753074221e-02
8.860881264530451329e-01	-4.573071818010995826e-01	-7.561728395061717567e-02
-3.443847284634926620e-01	9.355238563630785542e-01	-7.870370370370360913e-02
-3.779044878199188107e-01	-9.222247956927247525e-01	-8.179012345679004259e-02
9.013754195546811454e-01	4.246390531208410479e-01	-8.487654320987647605e-02
-9.512300773451257685e-01	2.956752561523579015e-01	-8.796296296296290951e-02
5.015419976007324809e-01	-8.603287944441317947e-01	-9.104938271604934297e-02
2.112613852320881225e-01	9.728859531328998278e-01	-9.413580246913577643e-02
-8.127103374253787926e-01	-5.744995621826876064e-01	-9.722222222222220989e-02
9.870322980294303772e-01	-1.253212631272569433e-01	-1.003086419753086433e-01
-6.429493336999828612e-01	7.588976317692192053e-01	-1.033950617283950768e-01
-3.852453725333688378e-02	-9.935680923474370374e-01	-1.064814814814815103e-01
6.993164457997117500e-01	7.063649082826176651e-01	-1.095679012345679437e-01
-9.924521606895727599e-01	-4.845320118845639762e-02	-1.126543209876543772e-01
7.642600224253855989e-01	-6.344373090031305562e-01	-1.157407407407405886e-01
-1.349357752101659758e-01	9.837034321874686960e-01	-1.188271604938270221e-01
-5.647717339303554018e-01	-8.161923593765622043e-01	-1.219135802469134555e-01
9.674007203355247109e-01	2.202517793215482411e-01	-1.249999999999998890e-01
-8.617670004945464646e-01	4.908681146025564157e-01	-1.280864197530863224e-01
3.037398929844266626e-01	-9.436820246172419324e-01	-1.311728395061727559e-01
4.133073347274447418e-01	9.006394941171805835e-01	-1.342592592592591894e-01
-9.127433599932667230e-01	-3.847541075087302365e-01	-1.373456790123456228e-01
9.325185176076266069e-01	-3.326981213581022834e-01	-1.404320987654320563e-01
-4.626688243969426240e-01	8.748371241399170994e-01	-1.435185185185184897e-01
-2.496721816596086385e-01	-9.571681115560162212e-01	-1.466049382716049232e-01
8.302700160636109494e-01	5.368837842200627763e-01	-1.496913580246913567e-01
-9.744094686004074468e-01	1.648791621738641411e-01	-1.527777777777777901e-01
6.068287865170144402e-01	-7.794005233397957033e-01	-1.558641975308642236e-01
7.898147137621978897e-02	9.841222629553192380e-01	-1.589506172839506570e-01
-7.226359987051351741e-01	-6.719681629390559241e-01	-1.620370370370368684e-01
9.862455104715511789e-01	7.350992612532869681e-03	-1.651234567901233019e-01
-7.318049678968110427e-01	6.604293500404608830e-01	-1.682098765432097354e-01
9.344616656715329372e-02	-9.807779528665371283e-01	-1.712962962962961688e-01
5.932753708923750313e-01	7.858848532932513065e-01	-1.743827160493826023e-01
-9.677779636288544873e-01	-1.786351559797572930e-01	-1.774691358024690357e-01
8.337995965221089989e-01	-5.217067415680890496e-01	-1.805555555555554692e-01
-2.622575351602586258e-01	9.473629769821099167e-01	-1.836419753086419027e-01
-4.462897334776916303e-01	-8.751902537563372997e-01	-1.867283950617283361e-01
9.197084451604765620e-01	3.436665709336834684e-01	-1.898148148148147696e-01
-9.097499136223968774e-01	3.676196517682657761e-01	-1.929012345679012030e-01
4.222343279215294842e-01	-8.850463330687333707e-01	-1.959876543209876365e-01
2.863160533794021356e-01	9.372260296261480939e-01	-1.990740740740740700e-01
-8.436631631438191725e-01	-4.973566144023059410e-01	-2.021604938271605034e-01
9.574223131425764199e-01	-2.030177794246137424e-01	-2.052469135802469369e-01
-5.684577290937620209e-01	7.958976268690497458e-01	-2.083333333333333703e-01
-1.183778422658893770e-01	-9.702001723692639246e-01	-2.114197530864198038e-01
7.421377828910021845e-01	6.349949708614830435e-01	-2.145061728395060152e-01
-9.754796863499575199e-01	3.305820877516874035e-02	-2.175925925925924487e-01
6.964628753350445844e-01	-6.828178650197853639e-01	-2.206790123456788821e-01
-5.227547793399147519e-02	9.732401069645791880e-01	-2.237654320987653156e-01
-6.184147265316298769e-01	-7.523971446783904726e-01	-2.268518518518517491e-01
9.635198856265565492e-01	1.369591955785407489e-01	-2.299382716049381825e-01
-8.023782393006057001e-01	5.494439501117084346e-01	-2.330246913580246160e-01
2.203358157622991031e-01	-9.464162252953183252e-01	-2.361111111111110494e-01
4.764556554513925124e-01	8.460346030848001631e-01	-2.391975308641974829e-01
-9.220841622695895579e-01	-3.017603104532978198e-01	-2.422839506172839164e-01
8.830454967334288030e-01	-4.000300389259778822e-01	-2.453703703703703498e-01
-3.806048499225365700e-01	8.907351860440855251e-01	-2.484567901234567833e-01
-3.207726819067220903e-01	-9.131434170530794425e-01	-2.515432098765432167e-01
8.526354092570995746e-01	4.562637511304794002e-01	-2.546296296296296502e-01
-9.361160834039723433e-01	2.393096660876291581e-01	-2.577160493827160836e-01
5.281582368276249717e-01	-8.081033033986455560e-01	-2.608024691358022951e-01
1.562825357180598618e-01	9.518079760910397313e-01	-2.638888888888887285e-01
-7.575070194584763161e-01	-5.957409672388307431e-01	-2.669753086419751620e-01
9.601214151452476253e-01	-7.234314781483563994e-02	-2.700617283950615954e-01
-6.585003081143032677e-01	7.012613160417484615e-01	-2.731481481481480289e-01
1.185154772737659346e-02	-9.610171717055236984e-01	-2.762345679012344624e-01
6.398241206400371306e-01	7.159643011372969212e-01	-2.793209876543208958e-01
-9.545146080323047011e-01	-9.564475570757821621e-02	-2.824074074074073293e-01
7.677043051612006952e-01	-5.736927526910308162e-01	-2.854938271604937627e-01
-1.783850682988829262e-01	9.406913460318957476e-01	-2.885802469135801962e-01
-5.033998397675748526e-01	-8.133382794861776510e-01	-2.916666666666666297e-01
9.196824680148920628e-01	2.594316404605781501e-01	-2.947530864197530631e-01
-8.525336833551279137e-01	4.295089606837760310e-01	-2.978395061728394966e-01
3.381592662470038202e-01	-8.916792572202809630e-01	-3.009259259259259300e-01
3.526100514727741886e-01	8.850099690258366181e-01	-3.040123456790123635e-01
-8.569274893782554692e-01	-4.139633150630143699e-01	-3.070987654320987970e-01
9.105406491344169018e-01	-2.733146120599980189e-01	-3.101851851851852304e-01
-4.862644881347926162e-01	8.157252902285228036e-01	-3.132716049382714418e-01
-1.922507530121880526e-01	-9.289549225767786966e-01	-3.163580246913578753e-01
7.684205774271420930e-01	5.545133570078523144e-01	-3.194444444444443088e-01
-9.401388467707837426e-01	1.100581229737037647e-01	-3.225308641975307422e-01
6.181946477381745630e-01	-7.154081086348530460e-01	-3.256172839506171757e-01
2.738275829785384585e-02	9.440360478919590514e-01	-3.287037037037036091e-01
-6.571261607559921725e-01	-6.768312365919718632e-01	-3.317901234567900426e-01
9.406479644693209741e-01	5.512810306483193618e-02	-3.348765432098764760e-01
-7.299878254965751490e-01	5.940528682634877988e-01	-3.379629629629629095e-01
1.368312011515201432e-01	-9.300336235537046692e-01	-3.410493827160493430e-01
5.267022512778578580e-01	7.772742681690679722e-01	-3.441358024691357764e-01
-9.123089524974582476e-01	-2.170923849149298812e-01	-3.472222222222222099e-01
8.183485207682038576e-01	-4.556199665443863567e-01	-3.503086419753086433e-01
-2.952916528495284076e-01	8.876456331799179589e-01	-3.533950617283950768e-01
-3.813788166525601819e-01	-8.529191940444658115e-01	-3.564814814814815103e-01
8.562695092464651658e-01	3.708280624987621010e-01	-3.595679012345677217e-01
-8.807476872768806864e-01	3.045740547476252780e-01	-3.626543209876541551e-01
4.431244691877496700e-01	-8.184585605694948418e-01	-3.657407407407405886e-01
2.258185235803487345e-01	9.016498877558030145e-01	-3.688271604938270221e-01
-7.745404626573345608e-01	-5.116320558120696083e-01	-3.719135802469134555e-01
9.154974231695488518e-01	-1.457376690149676246e-01	-3.749999999999998890e-01
-5.758346173113108035e-01	7.248897521031935076e-01	-3.780864197530863224e-01
-6.496446905669855942e-02	-9.222184579496242041e-01	-3.811728395061727559e-01
6.699246223529548017e-01	6.352525655507236246e-01	-3.842592592592591894e-01
-9.217980283937261543e-01	-1.586567993828822201e-02	-3.873456790123456228e-01
6.894466227079587561e-01	-6.101033770519628252e-01	-3.904320987654320563e-01
-9.612007795044663627e-02	9.142779151865096932e-01	-3.935185185185184897e-01
-5.459205709824933583e-01	-7.380211738945737787e-01	-3.966049382716049232e-01
8.997560557438790685e-01	1.751737950510741659e-01	-3.996913580246913567e-01
-7.806272526116527777e-01	4.779028711028820986e-01	-4.027777777777777901e-01
2.524146628263473913e-01	-8.783855025857889576e-01	-4.058641975308642236e-01
4.066046724259362866e-01	8.169651357215146348e-01	-4.089506172839506570e-01
-8.503729376640195570e-01	-3.272481428494360411e-01	-4.120370370370368684e-01
8.467865278873202284e-01	-3.326035054102034483e-01	-4.151234567901233019e-01
-3.991020326882224745e-01	8.159767562043922506e-01	-4.182098765432097354e-01
-2.564952731672219821e-01	-8.698963188621363640e-01	-4.212962962962961688e-01
7.755047371375625165e-01	4.674309713698366342e-01	-4.243827160493826023e-01
-8.861539005700569405e-01	1.788893580981384956e-01	-4.274691358024690357e-01
5.317207079706320894e-01	-7.293113205589618619e-01	-4.305555555555554692e-01
1.004036385517601687e-01	8.954740345850273897e-01	-4.336419753086419027e-01
-6.777945158526486047e-01	-5.914920990401145717e-01	-4.367283950617283361e-01
8.978272643459984659e-01	-2.165945674274218774e-02	-4.398148148148147696e-01
-6.463048028974618386e-01	6.213924671010279122e-01	-4.429012345679012030e-01
5.672342053857865746e-02	-8.932398702228123710e-01	-4.459876543209876365e-01
5.605797051705929679e-01	6.957606414172651244e-01	-4.490740740740740700e-01
-8.817933693283235286e-01	-1.341318069310225569e-01	-4.521604938271605034e-01
7.395066027481084214e-01	-4.958631183780566887e-01	-4.552469135802469369e-01
-2.099640261212590564e-01	8.636235657336516214e-01	-4.583333333333331483e-01
-4.277776758889585418e-01	-7.772374614445116681e-01	-4.614197530864195818e-01
8.389191604495437327e-01	2.836347257030206737e-01	-4.645061728395060152e-01
-8.086979957207000025e-01	3.568819399603468390e-01	-4.675925925925924487e-01
3.545795359663012625e-01	-8.079199341588365613e-01	-4.706790123456788821e-01
2.837534047953359506e-01	8.336847849249285902e-01	-4.737654320987653156e-01
-7.709145191924505758e-01	-4.222595356930762822e-01	-4.768518518518517491e-01
8.520475738574704305e-01	-2.089837011167690883e-01	-4.799382716049381825e-01
-4.861654887356954280e-01	7.282377806052550140e-01	-4.830246913580246160e-01
-1.331737065791080699e-01	-8.636901941844093988e-01	-4.861111111111110494e-01
6.802678294007153958e-01	5.458218171517256190e-01	-4.891975308641974829e-01
-8.685710369027292987e-01	5.692860281402850609e-02	-4.922839506172839164e-01
6.007902789476672334e-01	-6.274226939481121201e-01	-4.953703703703703498e-01
-1.914707975920382221e-02	8.667030735589409396e-01	-4.984567901234567833e-01
-5.701566784086022910e-01	-6.506733210243088594e-01	-5.015432098765432167e-01
8.581534276823750140e-01	9.445438823502869119e-02	-5.046296296296296502e-01
-6.951170806970344840e-01	5.089564395136777497e-01	-5.077160493827160836e-01
1.684048038611894449e-01	-8.430425016339579969e-01	-5.108024691358022951e-01
4.443368153008664390e-01	7.338140121616831824e-01	-5.138888888888887285e-01
-8.215426677606139094e-01	-2.404249889327399747e-01	-5.169753086419751620e-01
7.665051174653246813e-01	-3.768364413883161790e-01	-5.200617283950615954e-01
-3.099613848791833437e-01	7.938765363536965936e-01	-5.231481481481480289e-01
-3.070131920460300035e-01	-7.929817648946970721e-01	-5.262345679012344624e-01
7.603148164070129278e-01	3.764846238302760884e-01	-5.293209876543208958e-01
-8.130870811848840418e-01	2.354394846833655908e-01	-5.324074074074073293e-01
4.394937176053985151e-01	-7.211737885270051995e-01	-5.354938271604937627e-01
1.626974874089710255e-01	8.267169075477498463e-01	-5.385802469135801962e-01
-6.768124125366130617e-01	-4.985199900290778197e-01	-5.416666666666666297e-01
8.338203131935133516e-01	-8.937427002232924134e-02	-5.447530864197530631e-01
-5.531307207145267357e-01	6.276290953087879654e-01	-5.478395061728394966e-01
-1.605693916004052174e-02	-8.343996637388295667e-01	-5.509259259259259300e-01
5.740581471407542047e-01	6.029324709588651521e-01	-5.540123456790123635e-01
-8.285102456296447038e-01	-5.667220165775808949e-02	-5.570987654320985749e-01
6.475740651367816181e-01	-5.165659575129427639e-01	-5.601851851851850084e-01
-1.282404266546477711e-01	8.162594514256467093e-01	-5.632716049382714418e-01
-4.556469233461203916e-01	-6.867492039405053150e-01	-5.663580246913578753e-01
7.978055344641910018e-01	1.980892573302870663e-01	-5.694444444444443088e-01
-7.201986889680437320e-01	3.918191648578969177e-01	-5.725308641975307422e-01
2.656789881194380198e-01	-7.733559450144197323e-01	-5.756172839506171757e-01
3.256200658091463196e-01	7.477122414820177587e-01	-5.787037037037036091e-01
-7.431652635168998211e-01	-3.304930307131901390e-01	-5.817901234567900426e-01
7.691299016200802141e-01	-2.576016763081155903e-01	-5.848765432098764760e-01
-3.920420412043319480e-01	7.075327498513086510e-01	-5.879629629629629095e-01
-1.883260173938597071e-01	-7.843429979056004697e-01	-5.910493827160493430e-01
6.667995307565653951e-01	4.498677961436896022e-01	-5.941358024691357764e-01
-7.932946805540103119e-01	1.183603273426587776e-01	-5.972222222222222099e-01
5.035467858010860276e-01	-6.213454505177904430e-01	-6.003086419753086433e-01
4.827229002550918052e-02	7.959800157651444330e-01	-6.033950617283950768e-01
-5.715856128075863518e-01	-5.526934953945118467e-01	-6.064814814814815103e-01
7.924456419039711541e-01	2.137471431124728094e-02	-6.095679012345677217e-01
-5.969633477631013374e-01	5.179666441023274004e-01	-6.126543209876541551e-01
9.002629576660976796e-02	-7.827889921700399434e-01	-6.157407407407405886e-01
4.609627113662623787e-01	6.360552838904893758e-01	-6.188271604938270221e-01
-7.671570920086162593e-01	-1.571416395655509113e-01	-6.219135802469134555e-01
6.697139608101986274e-01	-4.010713286884466378e-01	-6.249999999999998890e-01
-2.221979504243983272e-01	7.457449430931104573e-01	-6.280864197530863224e-01
-3.388089892532323288e-01	-6.977315497173093295e-01	-6.311728395061727559e-01
7.187935091789393605e-01	2.846947193154837352e-01	-6.342592592592591894e-01
-7.199491205429212615e-01	2.747066604102754717e-01	-6.373456790123456228e-01
3.441577770476670906e-01	-6.865873224641656503e-01	-6.404320987654320563e-01
2.093051806732793563e-01	7.362576027906653220e-01	-6.435185185185184897e-01
-6.494517322641228940e-01	-4.001431009800169303e-01	-6.466049382716049232e-01
7.465983160578036903e-01	-1.431505982093128349e-01	-6.496913580246913567e-01
-4.522403433688836905e-01	6.077498207890318360e-01	-6.527777777777777901e-01
-7.678949077653786370e-02	-7.509630673365208509e-01	-6.558641975308640015e-01
5.618790135803028996e-01	5.000760522951749332e-01	-6.589506172839504350e-01
-7.493938158827782026e-01	1.076430712446450194e-02	-6.620370370370368684e-01
5.433165588079359454e-01	-5.122674146894956593e-01	-6.651234567901233019e-01
-5.439123041284694982e-02	7.419819101193000366e-01	-6.682098765432097354e-01
-4.593698989525246135e-01	-5.816705068294444336e-01	-6.712962962962961688e-01
7.288669046746875102e-01	1.181566230213010604e-01	-6.743827160493826023e-01
-6.148910054711479445e-01	4.036639957015444868e-01	-6.774691358024690357e-01
1.800289540526963383e-01	-7.102349692215678134e-01	-6.805555555555554692e-01
3.456455999512891841e-01	6.427773866825213789e-01	-6.836419753086419027e-01
-6.863169042328380876e-01	-2.395270723325364781e-01	-6.867283950617283361e-01
6.651765545684348302e-01	-2.858245484811774428e-01	-6.898148148148147696e-01
-2.961955648397648910e-01	6.573857820971876764e-01	-6.929012345679012030e-01
-2.247200992975591505e-01	-6.819839162359070395e-01	-6.959876543209876365e-01
6.237542351949684205e-01	3.496084853572865581e-01	-6.990740740740740700e-01
-6.931438876382003400e-01	1.628563536930623112e-01	-7.021604938271605034e-01
3.993728078641527457e-01	-5.857714155062863082e-01	-7.052469135802469369e-01
1.007576605158675143e-01	6.986499715424443480e-01	-7.083333333333331483e-01
-5.438196530796401973e-01	-4.451315758770630349e-01	-7.114197530864195818e-01
6.985444084252756536e-01	-3.894404231745374895e-02	-7.145061728395060152e-01
-4.865667216297511755e-01	4.983108432080501360e-01	-7.175925925925924487e-01
2.207331723768115803e-02	-6.929174047681163628e-01	-7.206790123456788821e-01
4.496825944188706514e-01	5.234015318812136330e-01	-7.237654320987653156e-01
-6.819059468484887088e-01	-8.179648594041109833e-02	-7.268518518518517491e-01
5.554027402431296334e-01	-3.983941713640125060e-01	-7.299382716049381825e-01
-1.397450577806919059e-01	6.656922116754436791e-01	-7.330246913580246160e-01
-3.449222683820345470e-01	-5.823822291871183499e-01	-7.361111111111110494e-01
6.445015901655376522e-01	1.954602533467285352e-01	-7.391975308641974829e-01
-6.041983283061558296e-01	2.897566508780158867e-01	-7.422839506172839164e-01
2.485088109579367543e-01	-6.186003409716238632e-01	-7.453703703703703498e-01
2.333957027179693333e-01	6.207566989335492336e-01	-7.484567901234567833e-01
-5.882928965313681813e-01	-2.984866355118684367e-01	-7.515432098765432167e-01
6.320107988354248807e-01	-1.763419185572629444e-01	-7.546296296296294281e-01
-3.450221742102982936e-01	5.539188458709888296e-01	-7.577160493827158616e-01
-1.190973803988948226e-01	-6.379619243646030835e-01	-7.608024691358022951e-01
5.158496214527062973e-01	3.877794907923814982e-01	-7.638888888888887285e-01
-6.386588311557104269e-01	6.215925772054079618e-02	-7.669753086419751620e-01
4.264610126055576322e-01	-4.744849198748604668e-01	-7.700617283950615954e-01
6.015370200726898563e-03	6.341969381323420141e-01	-7.731481481481480289e-01
-4.302488884940564584e-01	-4.608099277845614794e-01	-7.762345679012344624e-01
6.247171232509235450e-01	4.886014857308826342e-02	-7.793209876543208958e-01
-4.906122129505695595e-01	3.835861120240986466e-01	-7.824074074074073293e-01
1.020110490191716984e-01	-6.104041229962069437e-01	-7.854938271604937627e-01
3.349574348585911410e-01	5.156982751674370480e-01	-7.885802469135801962e-01
-5.914845511413189261e-01	-1.530029890232257883e-01	-7.916666666666666297e-01
5.359441953741485021e-01	-2.848356562494119837e-01	-7.947530864197530631e-01
-2.014273485147086429e-01	5.682245556645837414e-01	-7.978395061728394966e-01
-2.337011365406682639e-01	-5.512725641271277732e-01	-8.009259259259259300e-01
5.409271359514585820e-01	2.469048026812856456e-01	-8.040123456790123635e-01
-5.616529042081230827e-01	1.820373533991394011e-01	-8.070987654320985749e-01
2.890886236009094223e-01	-5.099291454809963264e-01	-8.101851851851850084e-01
1.303264473927366052e-01	5.671016784590893201e-01	-8.132716049382714418e-01
-4.755980080836473278e-01	-3.276676826128742670e-01	-8.163580246913578753e-01
5.676818850726466081e-01	-7.904479634677126498e-02	-8.194444444444443088e-01
-3.623691285617935964e-01	4.383281785464283042e-01	-8.225308641975307422e-01
-2.865865765614478838e-02	-5.635022464758715488e-01	-8.256172839506171757e-01
3.985373808231970072e-01	3.929607201163371477e-01	-8.287037037037036091e-01
-5.547160018811676530e-01	-2.038008284355720054e-02	-8.317901234567900426e-01
4.192527936727404869e-01	-3.566626593793211786e-01	-8.348765432098764760e-01
-6.763801773053830513e-02	5.415193175315312635e-01	-8.379629629629629095e-01
-3.131562812674203444e-01	-4.410998518881100727e-01	-8.410493827160493430e-01
5.241493326381263529e-01	1.127041440444623704e-01	-8.441358024691357764e-01
-4.584017616399532202e-01	2.684815284115966705e-01	-8.472222222222222099e-01
1.551935734505408837e-01	-5.028818630073648155e-01	-8.503086419753086433e-01
2.231084213048194487e-01	4.711045541707916673e-01	-8.533950617283948548e-01
-4.780287884118193387e-01	-1.947509931394834914e-01	-8.564814814814812882e-01
4.792008243526758582e-01	-1.775094169527809962e-01	-8.595679012345677217e-01
-2.310538459764401031e-01	4.499351539286798318e-01	-8.626543209876541551e-01
-1.321551255135314795e-01	-4.827297304104818942e-01	-8.657407407407405886e-01
4.189760198423194693e-01	2.638152004440269538e-01	-8.688271604938270221e-01
-4.817766001076080329e-01	8.751009181667651626e-02	-8.719135802469134555e-01
2.927862830122360260e-01	-3.855530994297400871e-01	-8.749999999999998890e-01
4.402868999774186415e-02	4.764721543829077421e-01	-8.780864197530863224e-01
-3.500912292476990317e-01	-3.177586475935214039e-01	-8.811728395061727559e-01
4.669913648340869305e-01	-2.151182154762192825e-03	-8.842592592592591894e-01
-3.385659585311371345e-01	3.130347227737069749e-01	-8.873456790123456228e-01
3.770000431031293731e-02	-4.535519674339316687e-01	-8.904320987654320563e-01
2.748436659753921152e-01	3.550853648598869539e-01	-8.935185185185184897e-01
-4.364126617026759525e-01	-7.512372043873542793e-02	-8.966049382716049232e-01
3.672384439594099104e-01	-2.359902234711386271e-01	-8.996913580246913567e-01
-1.097431917992401917e-01	4.158710326583620609e-01	-9.027777777777777901e-01
-1.969550378070981655e-01	-3.749916915268501350e-01	-9.058641975308640015e-01
3.922612428937838347e-01	1.412086847985963012e-01	-9.089506172839504350e-01
-3.783565309214753647e-01	1.582238243178608894e-01	-9.120370370370368684e-01
1.691996397841564193e-01	-3.659515551673569456e-01	-9.151234567901233019e-01
1.202842939342795847e-01	3.773888064731588665e-01	-9.182098765432097354e-01
-3.373417637442779893e-01	-1.934261328379053291e-01	-9.212962962962961688e-01
3.721877089050024678e-01	-8.362358285323395757e-02	-9.243827160493826023e-01
-2.136294705948693640e-01	3.068606384454956038e-01	-9.274691358024690357e-01
-4.872644318161289262e-02	-3.628940503226258385e-01	-9.305555555555554692e-01
2.749635243368824256e-01	2.295816243213247287e-01	-9.336419753086419027e-01
-3.496877491838614738e-01	1.607457482496359516e-02	-9.367283950617283361e-01
2.410830369130395612e-01	-2.421303020428904884e-01	-9.398148148148147696e-01
-1.385230053213977290e-02	3.327842779043129195e-01	-9.429012345679012030e-01
-2.088640175541389421e-01	-2.479580207281465720e-01	-9.459876543209876365e-01
3.124296153841657486e-01	4.057261824606910039e-02	-9.490740740740740700e-01
-2.500463578999384540e-01	1.756906739010190288e-01	-9.521604938271602814e-01
6.359461394618887153e-02	-2.888928160623726593e-01	-9.552469135802467148e-01
1.431610213789211439e-01	2.471884790599404857e-01	-9.583333333333331483e-01
-2.624543679039704758e-01	-8.240001907387727031e-02	-9.614197530864195818e-01
2.391988823906677497e-01	-1.118558769915305867e-01	-9.645061728395060152e-01
-9.641273429308279408e-02	2.333862879992671946e-01	-9.675925925925924487e-01
-8.239803274094212315e-02	-2.258158966770054676e-01	-9.706790123456788821e-01
2.019140372196620847e-01	1.049361940569688983e-01	-9.737654320987653156e-01
-2.065979085179366903e-01	5.547759664605280555e-02	-9.768518518518517491e-01
1.070162779771636902e-01	-1.681323885866159995e-01	-9.799382716049381825e-01
3.190862188649095516e-02	1.806773257212023198e-01	-9.830246913580246160e-01
-1.317792549238372413e-01	-1.010895865800641030e-01	-9.861111111111110494e-01
1.460308895768503423e-01	-1.277592351138612942e-02	-9.891975308641974829e-01
-8.377628106302305311e-02	9.140074440946867329e-02	-9.922839506172839164e-01
2.612926725526725348e-05	-9.611360520765599436e-02	-9.953703703703703498e-01
3.750162393410563094e-02	4.095932688250994436e-02	-9.984567901234567833e-01
