  0.716001308 -0.355113513 -0.60102955
 -0.985553711  0.0974509763  0.138517834
  0.895365698  0.445315229 -0.00382266863
 -0.149781996  0.793595981  0.589720928
 -0.00803601209  0.46529031  0.885121659
 -0.930052483  0.266504373 -0.25293833
 -0.674921609  0.569858271 -0.468766864
 -0.469540891  0.503675811  0.72514966
  0.87507021 -0.450959214 -0.175749578
 -0.397168504 -0.871972968 -0.286217265
  0.737166548  0.1049725 -0.667507494
  0.332393976 -0.577229124 -0.745869146
  0.536205295  0.834209079 -0.12875983
  0.22630093  0.923649792  0.309287812
 -0.264559522 -0.380406376  0.886171117
 -0.321746143 -0.637734631 -0.699838524
 -0.894448664 -0.361488055  0.263226088
  0.0117693156 -0.00869247756  0.999892956
 -0.467155202  0.0455491148  0.8830013
  0.627993006 -0.773361667  0.0868131064
 -0.956181744 -0.204596273 -0.209420241
 -0.590289676 -0.768897202  0.245672937
 -0.779686289  0.0688437542 -0.622374347
  0.630747652  0.719014029  0.291849663
  0.277843343  0.79013881 -0.546336652
 -0.231404217  0.813878168 -0.532967557
  0.712198276  0.536762089 -0.452393717
  0.380983956 -0.133279608 -0.914925009
 -0.0323277145 -0.353602564 -0.934836962
 -0.805936084  0.591988662  0.00405609447
  0.375741143 -0.28451573  0.881969043
  0.0627481578  0.98620838 -0.153152538
  0.971110493  0.0580063656  0.231472833
  0.403197324  0.630806685  0.662959157
 -0.214867476  0.962348389  0.166485874
  0.872449606 -0.396670892  0.285453829
 -0.203702492 -0.812573988  0.546103295
  0.547343957 -0.620775832  0.561294895
  0.972925418 -0.01071814 -0.23087064
 -0.0318832786  0.547868739 -0.835956519
  0.133986768 -0.63102725  0.764102189
 -0.48394765  0.863561824 -0.141617967
 -0.595580912 -0.483068306  0.641816476
  0.229979106 -0.911058791  0.342171726
 -0.753137404 -0.63461204 -0.173353998
 -0.189781725 -0.975999072  0.106811556
 -0.692645478 -0.431749826 -0.577783982
  0.439524719  0.19604787  0.876574728
  0.5507605 -0.750258518 -0.365752687
  0.372902122  0.382697497 -0.845273112
 -0.812194807  0.401049388  0.423673204
 -0.449718636 -0.120868657 -0.884954189
 -0.817492905 -0.0384443747  0.57465414
  0.757314358  0.333010889  0.561763928
 -0.450482522  0.3445388 -0.823625226
  0.00899586443  0.120008641 -0.992732089
  0.0431289728 -0.855996346 -0.515179724
  0.217102147 -0.970297885 -0.106717721
 -0.529198048  0.769430684  0.357667232
  0.745804372 -0.124177835  0.654488887
